######################################################################
# Flux calibration file: fluxcal_20140520232930.txt
# Date: 20140520
# Time: 23:29:30
# Target flux =  2000.00
# Exposure Limits =     2.00      60.00
# Lamp bulb hours = 188.0
# Last calibration file: fluxcal_20140430010222.txt
######################################################################
command    wl     flux       signal    exptime   previous    % change
-------   ----  ----------  ----------  -------  ----------  --------
fluxcal    320        4.74      284.35    60.00        1.00    373.92
fluxcal    325        4.75      285.16    60.00        1.02    365.95
fluxcal    330        4.76      285.31    60.00        1.07    344.41
fluxcal    335        4.80      288.11    60.00        1.13    324.95
fluxcal    340        4.89      293.49    60.00        1.22    300.94
fluxcal    345        4.98      298.73    60.00        1.29    285.96
fluxcal    350        5.03      301.75    60.00        1.31    283.90
fluxcal    355        5.11      306.47    60.00        1.38    270.13
fluxcal    360        5.22      313.40    60.00        1.46    257.77
fluxcal    365        5.39      323.26    60.00        1.53    252.14
fluxcal    370        5.62      337.26    60.00        1.62    246.97
fluxcal    375        5.94      356.52    60.00        1.72    245.47
fluxcal    380        6.42      385.22    60.00        1.84    248.93
fluxcal    385        7.05      423.01    60.00        1.96    259.70
fluxcal    390        7.90      473.80    60.00        2.11    274.25
fluxcal    395        9.02      541.41    60.00        2.29    294.04
fluxcal    400       10.44      626.16    60.00        2.51    315.78
fluxcal    405       12.17      730.24    60.00        2.76    340.97
fluxcal    410       14.44      866.52    60.00        3.07    370.42
fluxcal    415       17.36     1041.86    60.00        3.47    400.41
fluxcal    420       21.51     1290.67    60.00        4.01    436.44
fluxcal    425       29.60     1776.14    60.00        4.99    493.23
fluxcal    430       59.03     3541.88    60.00        8.39    603.59
fluxcal    435      208.46    12507.77    60.00       25.92    704.25
fluxcal    440      586.22    16432.12    28.03       71.35    721.61
fluxcal    445     1013.25    16530.73    16.31      122.59    726.54
fluxcal    450     1256.96    16549.82    13.17      151.90    727.49
fluxcal    455     1254.58    16515.20    13.16      151.93    725.76
fluxcal    460     1358.02    16496.81    12.15      164.64    724.84
fluxcal    465     1486.27    16483.88    11.09      180.33    724.19
fluxcal    470     1621.18    16476.20    10.16      196.79    723.81
fluxcal    475     1772.03    16449.61     9.28      215.45    722.48
fluxcal    480     1945.69    16424.87     8.44      236.92    721.24
fluxcal    485     2123.66    16401.46     7.72      258.96    720.07
fluxcal    490     2286.76    16370.82     7.16      279.37    718.54
fluxcal    495     2422.69    16350.77     6.75      296.34    717.54
fluxcal    500     2544.45    16320.53     6.41      311.81    716.03
fluxcal    505     2672.38    16307.92     6.10      327.74    715.40
fluxcal    510     2817.03    16287.16     5.78      345.92    714.36
fluxcal    515     2981.28    16268.46     5.46      366.51    713.42
fluxcal    520     3151.34    16237.75     5.15      388.15    711.89
fluxcal    525     3295.72    16235.45     4.93      405.99    711.77
fluxcal    530     3403.60    16218.42     4.77      419.72    710.92
fluxcal    535     3495.13    16211.18     4.64      431.20    710.56
fluxcal    540     3598.23    16198.02     4.50      444.28    709.90
fluxcal    545     3734.98    16201.36     4.34      461.07    710.07
fluxcal    550     3882.03    16191.97     4.17      479.50    709.60
fluxcal    555     4028.17    16191.06     4.02      497.58    709.55
fluxcal    560     4147.72    16179.61     3.90      512.71    708.98
fluxcal    565     4237.84    16177.45     3.82      523.92    708.87
fluxcal    570     4310.60    16178.19     3.75      532.89    708.91
fluxcal    575     4383.90    16168.10     3.69      542.29    708.40
fluxcal    580     4474.10    16166.29     3.61      553.51    708.31
fluxcal    585     4576.78    16161.22     3.53      566.39    708.06
fluxcal    590     4683.84    16154.51     3.45      579.88    707.73
fluxcal    595     4783.23    16160.65     3.38      591.96    708.03
fluxcal    600     4861.98    16154.65     3.32      601.93    707.73
fluxcal    605     4922.34    16160.29     3.28      609.19    708.01
fluxcal    610     4967.09    16167.59     3.25      614.45    708.38
fluxcal    615     5012.76    16156.66     3.22      620.52    707.83
fluxcal    620     5066.84    16158.82     3.19      627.13    707.94
fluxcal    625     5129.69    16154.73     3.15      635.07    707.74
fluxcal    630     5191.71    16156.93     3.11      642.66    707.85
fluxcal    635     5253.58    16157.65     3.08      650.29    707.88
fluxcal    640     5302.22    16137.25     3.04      657.14    706.86
fluxcal    645     5345.64    16144.84     3.02      662.21    707.24
fluxcal    650     5377.36    16147.27     3.00      666.04    707.36
fluxcal    655     5396.46    16139.66     2.99      668.72    706.98
fluxcal    660     5460.24    16139.28     2.96      676.64    706.96
fluxcal    665     5623.89    16136.03     2.87      697.06    706.80
fluxcal    670     5766.21    16137.39     2.80      714.64    706.87
fluxcal    675     5883.83    16128.92     2.74      729.60    706.45
fluxcal    680     5977.11    16136.91     2.70      740.80    706.85
fluxcal    685     6033.04    16128.97     2.67      748.10    706.45
fluxcal    690     6061.37    16129.66     2.66      751.58    706.48
fluxcal    695     6064.01    16114.41     2.66      752.62    705.72
fluxcal    700     6047.53    16100.55     2.66      751.22    705.03
fluxcal    705     6028.60    16114.73     2.67      748.21    705.74
fluxcal    710     6006.47    16102.69     2.68      746.02    705.13
fluxcal    715     5981.80    16105.01     2.69      742.85    705.25
fluxcal    720     5951.08    16087.92     2.70      739.82    704.40
fluxcal    725     5919.85    16071.47     2.71      736.69    703.57
fluxcal    730     5889.12    16089.18     2.73      732.06    704.46
fluxcal    735     5841.86    16072.24     2.75      726.95    703.61
fluxcal    740     5786.99    16063.38     2.78      720.52    703.17
fluxcal    745     5718.00    16069.23     2.81      711.67    703.46
fluxcal    750     5633.57    16057.82     2.85      701.66    702.89
fluxcal    755     5395.86    16043.10     2.97      672.67    702.16
fluxcal    760     5306.87    16031.63     3.02      662.05    701.58
fluxcal    765     5206.32    16020.68     3.08      649.95    701.03
fluxcal    770     5105.31    16002.10     3.13      638.08    700.11
fluxcal    775     4987.75    16004.09     3.21      623.31    700.20
fluxcal    780     4858.98    15993.22     3.29      607.63    699.66
fluxcal    785     4759.99    15987.61     3.36      595.46    699.38
fluxcal    790     4680.04    15979.38     3.41      585.76    698.97
fluxcal    795     4618.50    15965.79     3.46      578.55    698.29
fluxcal    800     4575.63    15947.13     3.49      573.85    697.36
fluxcal    805     4539.83    15939.30     3.51      569.64    696.97
fluxcal    810     4501.51    15934.54     3.54      565.00    696.73
fluxcal    815     4455.16    15918.11     3.57      559.76    695.91
fluxcal    820     4407.38    15901.66     3.61      554.33    695.08
fluxcal    825     4356.17    15881.91     3.65      548.57    694.10
fluxcal    830     4314.17    15857.13     3.68      544.13    692.86
fluxcal    835     4286.42    15834.86     3.69      541.39    691.74
fluxcal    840     4282.71    15817.38     3.69      541.52    690.87
fluxcal    845     4301.91    15798.11     3.67      544.61    689.91
fluxcal    850     4343.29    15772.86     3.63      550.73    688.64
fluxcal    855     4401.63    15741.20     3.58      559.25    687.06
fluxcal    860     4464.92    15703.02     3.52      568.67    685.15
fluxcal    865     4539.99    15679.20     3.45      579.11    683.96
fluxcal    870     4606.15    15636.60     3.39      589.15    681.83
fluxcal    875     4668.67    15601.76     3.34      598.48    680.09
fluxcal    880     4721.14    15544.13     3.29      607.45    677.21
fluxcal    885     4771.54    15498.79     3.25      615.73    674.94
fluxcal    890     4810.05    15446.79     3.21      622.79    672.34
fluxcal    895     4843.58    15384.99     3.18      629.65    669.25
fluxcal    900     4867.68    15311.73     3.15      635.81    665.59
fluxcal    905     4892.88    15240.02     3.11      642.11    662.00
fluxcal    910     4904.12    15150.90     3.09      647.37    657.54
fluxcal    915     4908.78    15062.00     3.07      651.81    653.10
fluxcal    920     4906.34    14975.71     3.05      655.24    648.79
fluxcal    925     4876.02    14873.84     3.05      655.65    643.69
fluxcal    930     4799.93    14731.62     3.07      651.65    636.58
fluxcal    935     4654.77    14571.42     3.13      638.89    628.57
fluxcal    940     4528.08    14447.78     3.19      626.82    622.39
fluxcal    945     4371.02    14314.78     3.27      610.70    615.74
fluxcal    950     4212.10    14166.40     3.36      594.66    608.32
fluxcal    955     4085.61    14062.12     3.44      581.08    603.11
fluxcal    960     3944.43    13939.90     3.53      565.92    596.99
fluxcal    965     3784.62    13812.23     3.65      548.01    590.61
fluxcal    970     3606.24    13655.87     3.79      528.16    582.79
fluxcal    975     3405.99    13484.28     3.96      505.18    574.21
fluxcal    980     3202.32    13294.24     4.15      481.76    564.71
fluxcal    985     2986.10    13098.39     4.39      455.95    554.92
fluxcal    990     2745.55    12857.92     4.68      427.06    542.90
fluxcal    995     2495.18    12603.52     5.05      395.95    530.18
fluxcal   1000     2256.56    12336.67     5.47      365.83    516.83
fluxcal   1005     2004.69    12017.08     5.99      333.64    500.85
fluxcal   1010     1752.08    11675.86     6.66      300.12    483.79
fluxcal   1015     1509.73    11294.45     7.48      267.34    464.72
fluxcal   1020     1280.63    10876.75     8.49      235.48    443.84
fluxcal   1025     1078.90    10444.33     9.68      206.60    422.22
fluxcal   1030      899.73    10010.87    11.13      179.75    400.54
fluxcal   1035      731.53     9454.94    12.92      154.74    372.75
fluxcal   1040      566.42     8646.30    15.26      131.02    332.32
fluxcal   1045      461.26     8531.65    18.50      108.13    326.58
fluxcal   1050      396.93     8848.26    22.29       89.72    342.41
fluxcal   1055      346.59     8658.17    24.98       80.06    332.91
fluxcal   1060      295.04     8422.57    28.55       70.06    321.13
fluxcal   1065      253.37     8222.27    32.45       61.63    311.11
fluxcal   1070      216.43     8011.51    37.02       54.03    300.58
fluxcal   1075      183.56     7758.37    42.27       47.32    287.92
fluxcal   1080      158.33     7586.72    47.92       41.74    279.34
fluxcal   1085      137.32     7414.68    54.00       37.04    270.73
fluxcal   1090      118.88     7132.74    60.00       33.19    258.18
fluxcal   1095      102.69     6161.35    60.00       29.76    245.06
fluxcal   1100       87.93     5275.85    60.00       26.52    231.56